bbox 134361 49837 2505 135764 51027 3607
135130 50097 3090
135094 50393 3096
135329 49882 3216
135166 50006 3209
135046 50028 3153
134862 49955 3285
135085 50209 3107
135064 50284 3190
135188 50104 3181
134963 50055 3266
135161 50009 3127
135079 49926 3134
135283 50204 2893
134896 50027 3394
134996 50027 3281
135220 50153 3058
134816 49945 3152
134939 50020 3199
134990 50021 3193
135026 49960 3523
135231 50031 3029
134973 49944 3607
134905 50178 3188
134947 50129 3266
134956 49949 3342
135012 50033 3116
135215 50161 3209
135169 50112 3002
135318 50156 3153
135289 50190 3037
135120 50408 3053
135125 50392 3002
135051 50476 3007
135005 50478 3098
135089 50679 3128
135148 50711 2925
134995 50653 3038
135585 50171 2800
135056 50596 3025
135001 50620 3194
135219 50542 3201
135195 50752 3243
134881 50783 3272
134980 50711 3192
135031 50624 3321
135198 50741 3044
135180 50715 3003
135313 50738 2945
135642 50626 2908
135283 49986 2636
135442 50941 2780
135764 50614 3049
135341 50698 2823
nan nan nan
135409 50754 2849
135542 50590 3026
134991 50830 2726
134901 50376 2765
134790 50336 2769
134361 49837 2610
135027 50738 2591
135252 50717 2705
135589 51027 2505
135600 50770 2789
nan nan nan
