bbox -716 -950 -329.5 716 950 329.5
-55 298 87.5
-94 424 -0.5
281 -28 -215.5
383 535 77.5
28 342 -32.5
55 425 45.5
186 251 109.5
100 281 24.5
49 306 -18.5
147 367 -90.5
114 401 24.5
207 370 -47.5
212 338 -25.5
493 338 97.5
436 445 -5.5
348 344 76.5
330 385 -12.5
305 372 -59.5
159 313 -54.5
716 573 50.5
408 228 -122.5
615 661 254.5
525 551 72.5
492 514 -3.5
136 950 -306.5
304 432 22.5
549 597 4.5
47 852 -329.5
449 582 -15.5
459 569 65.5
443 479 125.5
452 385 212.5
409 336 179.5
452 251 205.5
354 289 154.5
378 259 251.5
477 141 -104.5
593 -72 68.5
628 -146 53.5
330 15 -4.5
531 -68 61.5
528 -62 117.5
575 -38 80.5
525 38 170.5
392 -41 212.5
421 -50 66.5
467 81 151.5
291 -54 -25.5
306 -89 20.5
307 -173 2.5
217 -84 -74.5
nan nan nan
-59 -950 -31.5
-716 -864 329.5
nan nan nan
nan nan nan
nan nan nan
nan nan nan
nan nan nan
nan nan nan
nan nan nan
nan nan nan
nan nan nan
nan nan nan
nan nan nan
